0 660
1 650
2 650
3 650
4 650
5 650
6 650
7 650
8 650
9 650
10 650
11 650
12 650
13 650
14 650
15 650
16 650
17 650
18 650
19 650
20 650
21 650
22 650
23 650
24 650
25 650
26 650
27 650
28 650
29 650
30 650
31 650
32 650
33 650
34 650
35 650
36 650
37 650
38 650
39 650
40 650
41 650
42 650
43 650
44 650
45 650
46 650
47 650
48 650
49 650
50 650
51 650
52 650
53 650
54 650
55 650
56 650
57 650
58 650
59 650
60 650
61 650
62 650
63 650
64 650
65 650
66 650
67 650
68 650
69 650
70 620
71 620
72 620
73 620
74 620
75 620
76 620
77 620
78 620
79 620
80 620
81 620
82 620
83 620
84 620
85 620
86 620
87 620
88 620
89 620
90 620
91 620
92 620
93 620
94 620
95 620
96 620
97 620
98 610
99 610
100 610
101 610
102 610
103 610
104 610
105 610
106 610
107 610
108 610
109 610
110 610
111 610
112 610
113 610
114 610
115 610
116 610
117 610
118 610
119 610
120 610
121 610
122 610
123 610
124 610
125 610
126 610
127 610
128 610
129 610
130 610
131 610
132 610
133 610
134 610
135 610
136 610
137 610
138 610
139 610
140 610
141 610
142 610
143 610
144 610
145 610
146 610
147 610
148 610
149 610
150 610
151 610
152 610
153 610
154 610
155 610
156 610
157 610
158 610
159 610
160 610
161 610
162 610
163 610
164 610
165 610
166 610
167 610
168 610
169 610
170 610
171 610
172 610
173 610
174 610
175 610
176 610
177 610
178 610
179 610
180 610
181 610
182 610
183 610
184 610
185 610
186 610
187 610
188 610
189 610
190 610
191 610
192 610
193 610
194 610
195 610
196 610
197 610
198 610
199 610
200 610
