0 490.000000 866.000000
1 490.000000 780.666667
2 490.000000 720.000000
3 490.000000 703.333333
4 490.000000 701.333333
5 490.000000 644.666667
6 490.000000 639.333333
7 490.000000 609.333333
8 490.000000 593.333333
9 490.000000 588.000000
10 490.000000 552.000000
11 490.000000 541.333333
12 470.000000 540.000000
13 470.000000 533.333333
14 470.000000 532.000000
15 470.000000 532.000000
16 470.000000 531.333333
17 470.000000 531.333333
18 470.000000 531.333333
19 470.000000 530.000000
20 470.000000 527.333333
21 470.000000 527.333333
22 470.000000 514.000000
23 470.000000 512.000000
24 470.000000 512.000000
25 470.000000 512.000000
26 470.000000 506.666667
27 470.000000 506.666667
28 470.000000 506.666667
29 470.000000 504.666667
30 470.000000 503.333333
31 470.000000 503.333333
32 470.000000 503.333333
33 470.000000 503.333333
34 470.000000 503.333333
35 470.000000 503.333333
36 470.000000 501.333333
37 470.000000 501.333333
38 470.000000 501.333333
39 470.000000 499.333333
40 470.000000 496.000000
41 470.000000 496.000000
42 470.000000 496.000000
43 470.000000 496.000000
44 470.000000 496.000000
45 470.000000 496.000000
46 470.000000 494.666667
47 460.000000 491.333333
48 460.000000 491.333333
49 440.000000 490.000000
50 440.000000 486.666667
51 440.000000 486.666667
52 440.000000 486.666667
53 440.000000 480.000000
54 440.000000 480.000000
55 440.000000 480.000000
56 440.000000 478.000000
57 440.000000 478.000000
58 440.000000 476.666667
59 440.000000 476.666667
60 440.000000 476.666667
61 440.000000 474.666667
62 440.000000 472.666667
63 440.000000 472.666667
64 440.000000 472.666667
65 440.000000 472.666667
66 440.000000 470.666667
67 440.000000 467.333333
68 440.000000 466.000000
69 440.000000 460.000000
70 440.000000 460.000000
71 440.000000 453.333333
72 440.000000 453.333333
73 440.000000 453.333333
74 440.000000 453.333333
75 440.000000 453.333333
76 440.000000 453.333333
77 440.000000 453.333333
78 440.000000 453.333333
79 440.000000 453.333333
80 440.000000 453.333333
81 440.000000 453.333333
82 440.000000 453.333333
83 440.000000 453.333333
84 440.000000 453.333333
85 440.000000 453.333333
86 440.000000 453.333333
87 440.000000 453.333333
88 440.000000 453.333333
89 440.000000 453.333333
90 440.000000 453.333333
91 440.000000 446.000000
92 440.000000 446.000000
93 440.000000 446.000000
94 440.000000 446.000000
95 440.000000 446.000000
96 440.000000 446.000000
97 440.000000 446.000000
98 440.000000 446.000000
99 440.000000 446.000000
100 440.000000 446.000000
101 440.000000 446.000000
102 440.000000 446.000000
103 440.000000 446.000000
104 440.000000 446.000000
105 440.000000 446.000000
106 440.000000 446.000000
107 440.000000 446.000000
108 440.000000 446.000000
109 440.000000 446.000000
110 440.000000 446.000000
111 440.000000 446.000000
112 440.000000 446.000000
113 440.000000 446.000000
114 440.000000 446.000000
115 440.000000 446.000000
116 440.000000 446.000000
117 440.000000 446.000000
118 440.000000 446.000000
119 440.000000 446.000000
120 440.000000 446.000000
121 440.000000 446.000000
122 440.000000 446.000000
123 440.000000 446.000000
124 440.000000 446.000000
125 440.000000 446.000000
126 440.000000 446.000000
127 440.000000 446.000000
128 440.000000 446.000000
129 440.000000 446.000000
130 440.000000 446.000000
131 440.000000 446.000000
132 440.000000 446.000000
133 440.000000 446.000000
134 440.000000 446.000000
135 440.000000 446.000000
136 440.000000 446.000000
137 440.000000 446.000000
138 440.000000 446.000000
139 440.000000 446.000000
140 440.000000 446.000000
141 440.000000 446.000000
142 440.000000 446.000000
143 440.000000 446.000000
144 440.000000 446.000000
145 440.000000 446.000000
146 440.000000 446.000000
147 440.000000 446.000000
148 440.000000 446.000000
149 440.000000 446.000000
150 440.000000 446.000000
151 440.000000 446.000000
152 440.000000 446.000000
153 440.000000 446.000000
154 440.000000 446.000000
155 440.000000 446.000000
156 440.000000 446.000000
157 440.000000 446.000000
158 440.000000 446.000000
159 440.000000 446.000000
160 440.000000 446.000000
161 440.000000 446.000000
162 440.000000 446.000000
163 440.000000 446.000000
164 440.000000 446.000000
165 440.000000 446.000000
166 440.000000 446.000000
167 440.000000 446.000000
168 440.000000 446.000000
169 440.000000 446.000000
170 440.000000 446.000000
171 440.000000 446.000000
172 440.000000 446.000000
173 440.000000 446.000000
174 440.000000 446.000000
175 440.000000 446.000000
176 440.000000 446.000000
177 440.000000 446.000000
178 440.000000 446.000000
179 440.000000 446.000000
180 440.000000 446.000000
181 440.000000 446.000000
182 440.000000 446.000000
183 440.000000 446.000000
184 440.000000 446.000000
185 440.000000 446.000000
186 440.000000 446.000000
187 440.000000 446.000000
188 440.000000 446.000000
189 440.000000 446.000000
190 440.000000 446.000000
191 440.000000 446.000000
192 440.000000 446.000000
193 440.000000 446.000000
194 440.000000 446.000000
195 440.000000 446.000000
196 440.000000 446.000000
197 440.000000 446.000000
198 440.000000 446.000000
199 440.000000 446.000000
