0 740.000000 947.000000
1 740.000000 924.000000
2 740.000000 887.000000
3 670.000000 845.500000
4 670.000000 834.000000
5 640.000000 814.500000
6 640.000000 799.500000
7 640.000000 774.000000
8 640.000000 769.000000
9 640.000000 758.000000
10 640.000000 742.500000
11 640.000000 733.500000
12 630.000000 722.500000
13 630.000000 716.500000
14 590.000000 697.000000
15 590.000000 696.000000
16 590.000000 691.500000
17 590.000000 684.000000
18 590.000000 682.000000
19 590.000000 682.000000
20 590.000000 674.000000
21 590.000000 663.000000
22 590.000000 657.000000
23 510.000000 647.000000
24 510.000000 642.000000
25 510.000000 630.000000
26 490.000000 627.000000
27 490.000000 617.500000
28 490.000000 617.500000
29 490.000000 615.500000
30 490.000000 615.000000
31 490.000000 605.500000
32 490.000000 603.000000
33 490.000000 602.500000
34 490.000000 602.500000
35 490.000000 589.000000
36 490.000000 585.000000
37 490.000000 576.000000
38 490.000000 575.000000
39 490.000000 575.000000
40 490.000000 575.000000
41 490.000000 572.000000
42 490.000000 569.000000
43 490.000000 569.000000
44 490.000000 566.000000
45 490.000000 561.000000
46 490.000000 555.000000
47 490.000000 552.000000
48 490.000000 551.000000
49 490.000000 551.000000
50 490.000000 551.000000
51 490.000000 551.000000
52 490.000000 551.000000
53 490.000000 549.000000
54 490.000000 547.500000
55 490.000000 545.500000
56 490.000000 543.000000
57 490.000000 534.500000
58 490.000000 533.500000
59 490.000000 530.000000
60 490.000000 530.000000
61 490.000000 530.000000
62 490.000000 528.000000
63 490.000000 524.500000
64 490.000000 524.500000
65 490.000000 524.500000
66 490.000000 524.500000
67 490.000000 524.500000
68 490.000000 524.500000
69 490.000000 524.500000
70 490.000000 524.500000
71 490.000000 524.500000
72 490.000000 522.500000
73 490.000000 519.500000
74 490.000000 519.500000
75 490.000000 519.500000
76 490.000000 514.500000
77 490.000000 514.500000
78 490.000000 514.500000
79 490.000000 514.500000
80 490.000000 512.500000
81 490.000000 507.500000
82 490.000000 507.500000
83 490.000000 507.500000
84 490.000000 507.500000
85 490.000000 504.500000
86 490.000000 503.500000
87 490.000000 502.500000
88 490.000000 502.500000
89 490.000000 502.500000
90 490.000000 502.500000
91 490.000000 501.500000
92 490.000000 501.500000
93 490.000000 501.500000
94 490.000000 501.500000
95 490.000000 501.500000
96 490.000000 501.500000
97 490.000000 501.500000
98 490.000000 501.500000
99 470.000000 500.500000
100 470.000000 500.500000
101 470.000000 500.500000
102 470.000000 500.500000
103 470.000000 500.500000
104 470.000000 500.500000
105 470.000000 500.500000
106 470.000000 495.500000
107 470.000000 495.500000
108 470.000000 495.500000
109 470.000000 495.500000
110 470.000000 495.500000
111 470.000000 495.500000
112 470.000000 495.500000
113 470.000000 495.500000
114 470.000000 495.500000
115 470.000000 495.500000
116 470.000000 495.500000
117 470.000000 494.500000
118 470.000000 494.500000
119 470.000000 494.500000
120 470.000000 494.500000
121 470.000000 494.500000
122 470.000000 494.500000
123 470.000000 494.500000
124 470.000000 494.000000
125 470.000000 494.000000
126 470.000000 494.000000
127 470.000000 493.500000
128 470.000000 493.500000
129 470.000000 493.500000
130 470.000000 493.500000
131 470.000000 493.500000
132 470.000000 493.500000
133 470.000000 493.500000
134 470.000000 493.500000
135 470.000000 493.500000
136 470.000000 493.500000
137 470.000000 493.500000
138 470.000000 493.500000
139 470.000000 493.500000
140 470.000000 493.500000
141 470.000000 493.500000
142 470.000000 493.500000
143 470.000000 493.500000
144 470.000000 493.500000
145 470.000000 493.500000
146 470.000000 493.500000
147 470.000000 493.500000
148 470.000000 493.500000
149 470.000000 493.500000
150 470.000000 493.500000
151 470.000000 492.500000
152 470.000000 492.500000
153 470.000000 492.500000
154 470.000000 492.500000
155 470.000000 492.500000
156 470.000000 492.500000
157 470.000000 492.500000
158 470.000000 490.500000
159 470.000000 490.500000
160 470.000000 490.500000
161 470.000000 490.500000
162 470.000000 490.500000
163 470.000000 490.500000
164 470.000000 490.500000
165 470.000000 490.500000
166 470.000000 490.500000
167 470.000000 490.500000
168 470.000000 490.500000
169 470.000000 490.500000
170 470.000000 490.500000
171 470.000000 490.500000
172 470.000000 490.500000
173 470.000000 490.500000
174 470.000000 490.500000
175 470.000000 490.500000
176 470.000000 490.500000
177 470.000000 490.500000
178 470.000000 490.500000
179 470.000000 490.500000
180 470.000000 490.500000
181 470.000000 489.000000
182 470.000000 489.000000
183 470.000000 488.500000
184 470.000000 488.500000
185 470.000000 488.500000
186 470.000000 488.500000
187 470.000000 488.500000
188 470.000000 488.500000
189 470.000000 488.500000
190 470.000000 488.500000
191 470.000000 488.500000
192 470.000000 488.500000
193 470.000000 488.500000
194 470.000000 488.500000
195 470.000000 488.500000
196 470.000000 488.500000
197 470.000000 488.500000
198 470.000000 488.500000
199 470.000000 488.500000
