0 1100.000000 999.000000
1 780.000000 1041.500000
2 780.000000 990.000000
3 760.000000 942.000000
4 760.000000 945.000000
5 760.000000 984.500000
6 760.000000 951.500000
7 760.000000 992.500000
8 760.000000 972.000000
9 760.000000 969.000000
10 760.000000 965.000000
11 750.000000 928.500000
12 750.000000 939.000000
13 730.000000 903.500000
14 730.000000 911.500000
15 730.000000 923.000000
16 730.000000 971.500000
17 670.000000 950.000000
18 670.000000 942.500000
19 670.000000 874.500000
20 670.000000 865.500000
21 670.000000 879.000000
22 670.000000 870.500000
23 650.000000 847.000000
24 640.000000 795.000000
25 640.000000 836.000000
26 640.000000 841.500000
27 640.000000 820.000000
28 640.000000 853.000000
29 640.000000 833.000000
30 640.000000 849.500000
31 640.000000 872.000000
32 640.000000 864.000000
33 640.000000 882.000000
34 640.000000 889.500000
35 640.000000 893.000000
36 640.000000 896.500000
37 640.000000 875.000000
38 640.000000 905.500000
39 640.000000 910.500000
40 640.000000 928.500000
41 640.000000 834.500000
42 640.000000 799.500000
43 640.000000 838.000000
44 640.000000 825.000000
45 640.000000 820.500000
46 630.000000 749.000000
47 630.000000 765.500000
48 630.000000 763.500000
49 610.000000 782.500000
50 610.000000 779.500000
51 610.000000 751.500000
52 610.000000 770.000000
53 610.000000 822.500000
54 610.000000 806.500000
55 610.000000 798.500000
56 610.000000 821.500000
57 610.000000 799.500000
58 610.000000 790.500000
59 610.000000 810.500000
60 610.000000 796.500000
61 610.000000 800.500000
62 610.000000 746.500000
63 610.000000 750.500000
64 610.000000 747.500000
65 610.000000 762.500000
66 610.000000 725.500000
67 610.000000 727.500000
68 610.000000 746.500000
69 610.000000 747.000000
70 610.000000 748.000000
71 610.000000 747.500000
72 610.000000 732.500000
73 610.000000 730.000000
74 610.000000 757.500000
75 610.000000 794.500000
76 610.000000 786.500000
77 610.000000 743.000000
78 610.000000 763.500000
79 610.000000 736.000000
80 610.000000 722.000000
81 610.000000 730.000000
82 610.000000 690.500000
83 610.000000 699.000000
84 590.000000 725.500000
85 590.000000 698.000000
86 590.000000 710.500000
87 590.000000 736.500000
88 590.000000 757.500000
89 590.000000 783.500000
90 590.000000 812.000000
91 590.000000 740.000000
92 590.000000 741.000000
93 590.000000 700.000000
94 590.000000 693.000000
95 590.000000 713.000000
96 590.000000 725.000000
97 590.000000 724.500000
98 590.000000 737.000000
99 590.000000 769.000000
100 590.000000 803.500000
101 590.000000 789.500000
102 590.000000 818.500000
103 590.000000 744.000000
104 590.000000 740.000000
105 590.000000 775.500000
106 590.000000 774.500000
107 590.000000 795.500000
108 590.000000 823.500000
109 590.000000 774.000000
110 590.000000 807.000000
111 590.000000 791.500000
112 590.000000 763.000000
113 590.000000 773.000000
114 590.000000 785.500000
115 590.000000 768.000000
116 590.000000 813.500000
117 590.000000 841.000000
118 590.000000 804.500000
119 590.000000 793.500000
120 590.000000 839.000000
121 590.000000 818.500000
122 590.000000 844.000000
123 590.000000 841.500000
124 590.000000 845.500000
125 590.000000 833.500000
126 590.000000 862.500000
127 590.000000 841.000000
128 590.000000 853.500000
129 590.000000 863.500000
130 590.000000 865.000000
131 590.000000 886.500000
132 590.000000 879.000000
133 590.000000 876.000000
134 590.000000 896.500000
135 590.000000 867.500000
136 590.000000 828.000000
137 590.000000 811.500000
138 590.000000 796.000000
139 590.000000 799.500000
140 590.000000 839.500000
141 590.000000 844.000000
142 590.000000 807.000000
143 590.000000 833.000000
144 590.000000 813.500000
145 590.000000 819.000000
146 590.000000 835.500000
147 590.000000 785.500000
148 590.000000 803.000000
149 590.000000 809.000000
150 590.000000 814.000000
151 590.000000 800.500000
152 590.000000 792.500000
153 590.000000 865.000000
154 590.000000 909.500000
155 590.000000 874.000000
156 590.000000 837.500000
157 590.000000 863.500000
158 590.000000 892.500000
159 590.000000 861.000000
160 590.000000 847.500000
161 590.000000 885.000000
162 590.000000 835.500000
163 590.000000 831.500000
164 590.000000 829.000000
165 590.000000 769.000000
166 590.000000 772.000000
167 590.000000 781.500000
168 590.000000 825.000000
169 590.000000 808.500000
170 590.000000 811.500000
171 590.000000 849.000000
172 590.000000 876.500000
173 590.000000 842.500000
174 590.000000 790.000000
175 590.000000 821.500000
176 590.000000 802.500000
177 590.000000 763.500000
178 590.000000 777.500000
179 590.000000 787.500000
180 590.000000 797.500000
181 590.000000 800.500000
182 590.000000 790.000000
183 590.000000 796.000000
184 590.000000 821.000000
185 590.000000 830.500000
186 590.000000 920.000000
187 590.000000 848.500000
188 590.000000 868.500000
189 590.000000 931.000000
190 590.000000 894.000000
191 590.000000 851.000000
192 590.000000 793.000000
193 590.000000 777.000000
194 590.000000 765.500000
195 590.000000 730.500000
196 590.000000 715.000000
197 590.000000 759.500000
198 590.000000 771.000000
199 590.000000 685.000000
