0 839.700000 nan
1 755.900000 nan
2 682.900000 nan
3 652.900000 nan
4 652.900000 nan
5 652.900000 nan
6 652.900000 nan
7 624.500000 nan
8 602.800000 nan
9 597.900000 nan
10 597.900000 nan
11 576.600000 nan
12 576.600000 nan
13 576.600000 nan
14 576.600000 nan
15 576.600000 nan
16 576.600000 nan
17 574.400000 nan
18 574.400000 nan
19 574.400000 nan
20 574.400000 nan
21 574.400000 nan
22 574.400000 nan
23 574.400000 nan
24 572.700000 nan
25 572.700000 nan
26 572.700000 nan
27 572.700000 nan
28 572.700000 nan
29 572.700000 nan
30 572.700000 nan
31 572.700000 nan
32 572.700000 nan
33 572.700000 nan
34 572.700000 nan
35 572.700000 nan
36 572.700000 nan
37 572.700000 nan
38 572.700000 nan
39 572.700000 nan
40 572.700000 nan
41 572.700000 nan
42 572.700000 nan
43 572.700000 nan
44 572.700000 nan
45 572.700000 nan
46 572.700000 nan
47 572.700000 nan
48 572.700000 nan
49 572.700000 nan
50 572.700000 nan
51 572.700000 nan
52 572.700000 nan
53 572.700000 nan
54 572.700000 nan
55 572.700000 nan
56 572.700000 nan
57 572.700000 nan
58 572.700000 nan
59 572.700000 nan
60 572.700000 nan
61 572.700000 nan
62 572.700000 nan
63 572.700000 nan
64 572.700000 nan
65 572.700000 nan
66 572.700000 nan
67 572.700000 nan
68 572.700000 nan
69 572.700000 nan
70 572.700000 nan
71 572.700000 nan
72 572.700000 nan
73 572.700000 nan
74 572.700000 nan
75 572.700000 nan
76 572.700000 nan
77 572.700000 nan
78 572.700000 nan
79 572.700000 nan
80 572.700000 nan
81 572.700000 nan
82 572.700000 nan
83 572.700000 nan
84 572.700000 nan
85 572.700000 nan
86 572.700000 nan
87 572.700000 nan
88 572.700000 nan
89 572.700000 nan
90 572.700000 nan
91 572.700000 nan
92 572.700000 nan
93 572.700000 nan
94 572.700000 nan
95 572.700000 nan
96 572.700000 nan
97 572.700000 nan
98 572.700000 nan
99 572.700000 nan
100 572.700000 nan
101 572.700000 nan
102 572.700000 nan
103 572.700000 nan
104 572.700000 nan
105 572.700000 nan
106 572.700000 nan
107 572.700000 nan
108 572.700000 nan
109 572.700000 nan
110 572.700000 nan
111 572.700000 nan
112 572.700000 nan
113 572.700000 nan
114 572.700000 nan
115 572.700000 nan
116 572.700000 nan
117 572.700000 nan
118 572.700000 nan
119 572.700000 nan
120 572.700000 nan
121 572.700000 nan
122 563.900000 nan
123 563.900000 nan
124 563.900000 nan
125 563.900000 nan
126 563.900000 nan
127 563.900000 nan
128 563.900000 nan
129 563.900000 nan
130 563.900000 nan
131 563.900000 nan
132 563.900000 nan
133 551.400000 nan
134 551.400000 nan
135 551.400000 nan
136 551.400000 nan
137 551.400000 nan
138 551.400000 nan
139 551.400000 nan
140 551.400000 nan
141 551.400000 nan
142 551.400000 nan
143 551.400000 nan
144 551.400000 nan
145 551.400000 nan
146 551.400000 nan
147 551.400000 nan
148 551.400000 nan
149 551.400000 nan
150 551.400000 nan
151 551.400000 nan
152 551.400000 nan
153 551.400000 nan
154 551.400000 nan
155 551.400000 nan
156 551.400000 nan
157 551.400000 nan
158 551.400000 nan
159 551.400000 nan
160 551.400000 nan
161 551.400000 nan
162 551.400000 nan
163 551.400000 nan
164 551.400000 nan
165 551.400000 nan
166 551.400000 nan
167 551.400000 nan
168 551.400000 nan
169 551.400000 nan
170 551.400000 nan
171 551.400000 nan
172 551.400000 nan
173 551.400000 nan
174 551.400000 nan
175 551.400000 nan
176 551.400000 nan
177 551.400000 nan
178 551.400000 nan
179 551.400000 nan
180 551.400000 nan
181 551.400000 nan
182 551.400000 nan
183 551.400000 nan
184 551.400000 nan
185 551.400000 nan
186 551.400000 nan
187 551.400000 nan
188 551.400000 nan
189 551.400000 nan
190 551.400000 nan
191 551.400000 nan
192 551.400000 nan
193 551.400000 nan
194 551.400000 nan
195 551.400000 nan
196 551.400000 nan
197 551.400000 nan
198 551.400000 nan
199 551.400000 nan
200 551.400000 nan
201 551.400000 nan
202 551.400000 nan
203 551.400000 nan
204 551.400000 nan
205 551.400000 nan
206 551.400000 nan
207 551.400000 nan
208 551.400000 nan
209 551.400000 nan
210 551.400000 nan
211 551.400000 nan
212 551.400000 nan
213 551.400000 nan
214 551.400000 nan
215 551.400000 nan
216 551.400000 nan
217 551.400000 nan
218 551.400000 nan
219 551.400000 nan
220 551.400000 nan
221 551.400000 nan
222 551.400000 nan
223 551.400000 nan
224 551.400000 nan
225 551.400000 nan
226 551.400000 nan
227 551.400000 nan
228 551.400000 nan
229 551.400000 nan
230 551.400000 nan
231 551.400000 nan
232 551.400000 nan
233 551.400000 nan
234 551.400000 nan
235 551.400000 nan
236 551.400000 nan
237 551.400000 nan
238 551.400000 nan
239 551.400000 nan
240 551.400000 nan
241 551.400000 nan
242 551.400000 nan
243 551.400000 nan
244 551.400000 nan
245 551.400000 nan
246 551.400000 nan
247 551.400000 nan
248 551.400000 nan
249 551.400000 nan
250 551.400000 nan
251 551.400000 nan
252 551.400000 nan
253 551.400000 nan
254 551.400000 nan
255 551.400000 nan
256 551.400000 nan
257 551.400000 nan
258 551.400000 nan
259 551.400000 nan
260 551.400000 nan
261 551.400000 nan
262 551.400000 nan
263 551.400000 nan
264 551.400000 nan
265 551.400000 nan
266 551.400000 nan
267 551.400000 nan
268 551.400000 nan
269 551.400000 nan
270 551.400000 nan
271 551.400000 nan
272 551.400000 nan
273 551.400000 nan
274 551.400000 nan
275 551.400000 nan
276 551.400000 nan
277 551.400000 nan
278 551.400000 nan
279 551.400000 nan
280 551.400000 nan
281 551.400000 nan
282 551.400000 nan
283 551.400000 nan
284 551.400000 nan
285 551.400000 nan
286 551.400000 nan
287 551.400000 nan
288 551.400000 nan
289 551.400000 nan
290 551.400000 nan
291 551.400000 nan
292 551.400000 nan
293 551.400000 nan
294 551.400000 nan
295 551.400000 nan
296 551.400000 nan
297 551.400000 nan
298 551.400000 nan
299 551.400000 nan
300 551.400000 nan
301 551.400000 nan
302 551.400000 nan
303 551.400000 nan
304 551.400000 nan
305 551.400000 nan
306 551.400000 nan
307 551.400000 nan
308 551.400000 nan
309 551.400000 nan
310 551.400000 nan
311 551.400000 nan
312 551.400000 nan
313 551.400000 nan
314 551.400000 nan
315 551.400000 nan
316 551.400000 nan
317 551.400000 nan
318 551.400000 nan
319 551.400000 nan
320 551.400000 nan
321 551.400000 nan
322 551.400000 nan
323 551.400000 nan
324 551.400000 nan
325 551.400000 nan
326 551.400000 nan
327 551.400000 nan
328 551.400000 nan
329 551.400000 nan
330 551.400000 nan
331 551.400000 nan
332 551.400000 nan
333 551.400000 nan
334 551.400000 nan
335 551.400000 nan
336 551.400000 nan
337 551.400000 nan
338 551.400000 nan
339 551.400000 nan
340 551.400000 nan
341 551.400000 nan
342 551.400000 nan
343 551.400000 nan
344 551.400000 nan
345 551.400000 nan
346 551.400000 nan
347 551.400000 nan
348 551.400000 nan
349 551.400000 nan
350 551.400000 nan
351 551.400000 nan
352 551.400000 nan
353 551.400000 nan
354 551.400000 nan
355 551.400000 nan
356 551.400000 nan
357 551.400000 nan
358 551.400000 nan
359 551.400000 nan
360 551.400000 nan
361 551.400000 nan
362 551.400000 nan
363 551.400000 nan
364 551.400000 nan
365 551.400000 nan
366 551.400000 nan
367 551.400000 nan
368 551.400000 nan
369 551.400000 nan
370 551.400000 nan
371 551.400000 nan
372 551.400000 nan
373 551.400000 nan
374 551.400000 nan
375 551.400000 nan
376 551.400000 nan
377 551.400000 nan
378 551.400000 nan
379 551.400000 nan
380 551.400000 nan
381 551.400000 nan
382 551.400000 nan
383 551.400000 nan
384 551.400000 nan
385 551.400000 nan
386 551.400000 nan
387 551.400000 nan
388 551.400000 nan
389 551.400000 nan
390 551.400000 nan
391 551.400000 nan
392 551.400000 nan
393 551.400000 nan
394 551.400000 nan
395 551.400000 nan
396 551.400000 nan
397 551.400000 nan
398 551.400000 nan
399 551.400000 nan
400 551.400000 nan
401 551.400000 nan
402 551.400000 nan
403 551.400000 nan
404 551.400000 nan
405 551.400000 nan
406 551.400000 nan
407 551.400000 nan
408 551.400000 nan
409 551.400000 nan
410 551.400000 nan
411 551.400000 nan
412 551.400000 nan
413 551.400000 nan
414 551.400000 nan
415 551.400000 nan
416 551.400000 nan
417 551.400000 nan
418 551.400000 nan
419 551.400000 nan
420 551.400000 nan
421 551.400000 nan
422 551.400000 nan
423 551.400000 nan
424 551.400000 nan
425 551.400000 nan
426 551.400000 nan
427 551.400000 nan
428 551.400000 nan
429 551.400000 nan
430 551.400000 nan
431 551.400000 nan
432 551.400000 nan
433 551.400000 nan
434 551.400000 nan
435 551.400000 nan
436 551.400000 nan
437 551.400000 nan
438 551.400000 nan
439 551.400000 nan
440 551.400000 nan
441 551.400000 nan
442 551.400000 nan
443 551.400000 nan
444 551.400000 nan
445 551.400000 nan
446 551.400000 nan
447 551.400000 nan
448 551.400000 nan
449 551.400000 nan
450 551.400000 nan
451 551.400000 nan
452 551.400000 nan
453 551.400000 nan
454 551.400000 nan
455 551.400000 nan
456 551.400000 nan
457 551.400000 nan
458 551.400000 nan
459 551.400000 nan
460 551.400000 nan
461 551.400000 nan
462 551.400000 nan
463 551.400000 nan
464 551.400000 nan
465 551.400000 nan
466 551.400000 nan
467 551.400000 nan
468 551.400000 nan
469 551.400000 nan
470 551.400000 nan
471 551.400000 nan
472 551.400000 nan
473 551.400000 nan
474 551.400000 nan
475 551.400000 nan
476 551.400000 nan
477 551.400000 nan
478 551.400000 nan
479 551.400000 nan
480 551.400000 nan
481 551.400000 nan
482 551.400000 nan
483 551.400000 nan
484 551.400000 nan
485 551.400000 nan
486 551.400000 nan
487 551.400000 nan
488 551.400000 nan
489 551.400000 nan
490 551.400000 nan
491 551.400000 nan
492 551.400000 nan
493 551.400000 nan
494 551.400000 nan
495 551.400000 nan
496 551.400000 nan
497 551.400000 nan
498 551.400000 nan
499 551.400000 nan
500 551.400000 nan
501 551.400000 nan
502 551.400000 nan
503 551.400000 nan
504 551.400000 nan
505 551.400000 nan
506 551.400000 nan
507 551.400000 nan
508 551.400000 nan
509 551.400000 nan
510 551.400000 nan
511 551.400000 nan
512 551.400000 nan
513 551.400000 nan
514 551.400000 nan
515 551.400000 nan
516 551.400000 nan
517 551.400000 nan
518 551.400000 nan
519 551.400000 nan
520 551.400000 nan
521 551.400000 nan
522 551.400000 nan
523 551.400000 nan
524 551.400000 nan
525 551.400000 nan
526 551.400000 nan
527 551.400000 nan
528 551.400000 nan
529 551.400000 nan
530 551.400000 nan
531 551.400000 nan
532 551.400000 nan
533 551.400000 nan
534 551.400000 nan
535 551.400000 nan
536 551.400000 nan
537 551.400000 nan
538 551.400000 nan
539 551.400000 nan
540 551.400000 nan
541 551.400000 nan
542 551.400000 nan
543 551.400000 nan
544 551.400000 nan
545 551.400000 nan
546 551.400000 nan
547 551.400000 nan
548 551.400000 nan
549 551.400000 nan
550 551.400000 nan
551 551.400000 nan
552 551.400000 nan
553 551.400000 nan
554 551.400000 nan
555 551.400000 nan
556 551.400000 nan
557 551.400000 nan
558 551.400000 nan
559 551.400000 nan
560 551.400000 nan
561 551.400000 nan
562 551.400000 nan
563 551.400000 nan
564 551.400000 nan
565 551.400000 nan
566 551.400000 nan
567 551.400000 nan
568 551.400000 nan
569 551.400000 nan
570 551.400000 nan
571 551.400000 nan
572 551.400000 nan
573 551.400000 nan
574 551.400000 nan
575 551.400000 nan
576 551.400000 nan
577 551.400000 nan
578 551.400000 nan
579 551.400000 nan
580 551.400000 nan
581 551.400000 nan
582 551.400000 nan
583 551.400000 nan
584 551.400000 nan
585 551.400000 nan
586 551.400000 nan
587 551.400000 nan
588 551.400000 nan
589 551.400000 nan
590 551.400000 nan
591 551.400000 nan
592 551.400000 nan
593 551.400000 nan
594 551.400000 nan
595 551.400000 nan
596 551.400000 nan
597 551.400000 nan
598 551.400000 nan
599 551.400000 nan
600 551.400000 nan
601 551.400000 nan
602 551.400000 nan
603 551.400000 nan
604 551.400000 nan
605 551.400000 nan
606 551.400000 nan
607 551.400000 nan
608 551.400000 nan
609 551.400000 nan
610 551.400000 nan
611 551.400000 nan
612 551.400000 nan
613 551.400000 nan
614 551.400000 nan
615 551.400000 nan
616 551.400000 nan
617 551.400000 nan
618 551.400000 nan
619 551.400000 nan
620 551.400000 nan
621 551.400000 nan
622 547.400000 nan
623 547.400000 nan
624 547.400000 nan
625 547.400000 nan
626 547.400000 nan
627 547.400000 nan
628 547.400000 nan
629 547.400000 nan
630 547.400000 nan
631 547.400000 nan
632 547.400000 nan
633 547.400000 nan
634 547.400000 nan
635 547.400000 nan
636 547.400000 nan
637 547.400000 nan
638 547.400000 nan
639 547.400000 nan
640 547.400000 nan
641 547.400000 nan
642 547.400000 nan
643 547.400000 nan
644 547.400000 nan
645 547.400000 nan
646 547.400000 nan
647 547.400000 nan
648 547.400000 nan
649 547.400000 nan
650 547.400000 nan
651 547.400000 nan
652 547.400000 nan
653 547.400000 nan
654 547.400000 nan
655 547.400000 nan
656 547.400000 nan
657 547.400000 nan
658 547.400000 nan
659 547.400000 nan
660 547.400000 nan
661 547.400000 nan
662 547.400000 nan
663 547.400000 nan
664 547.400000 nan
665 547.400000 nan
666 547.400000 nan
667 505.400000 nan
668 487.500000 nan
669 487.500000 nan
670 487.500000 nan
671 487.500000 nan
672 487.500000 nan
673 487.500000 nan
674 487.500000 nan
675 487.500000 nan
676 487.500000 nan
677 487.500000 nan
678 487.500000 nan
679 487.500000 nan
680 487.500000 nan
681 487.500000 nan
682 487.500000 nan
683 487.500000 nan
684 487.500000 nan
685 487.500000 nan
686 487.500000 nan
687 487.500000 nan
688 487.500000 nan
689 487.500000 nan
690 487.500000 nan
691 487.500000 nan
692 487.500000 nan
693 487.500000 nan
694 487.500000 nan
695 487.500000 nan
696 487.500000 nan
697 487.500000 nan
698 487.500000 nan
699 487.500000 nan
700 487.500000 nan
701 487.500000 nan
702 487.500000 nan
703 487.500000 nan
704 487.500000 nan
705 487.500000 nan
706 487.500000 nan
707 487.500000 nan
708 487.500000 nan
709 487.500000 nan
710 487.500000 nan
711 487.500000 nan
712 487.500000 nan
713 487.500000 nan
714 487.500000 nan
715 487.500000 nan
716 487.500000 nan
717 487.500000 nan
718 487.500000 nan
719 487.500000 nan
720 487.500000 nan
721 487.500000 nan
722 487.500000 nan
723 487.500000 nan
724 487.500000 nan
725 487.500000 nan
726 487.500000 nan
727 487.500000 nan
728 487.500000 nan
729 487.500000 nan
730 487.500000 nan
731 487.500000 nan
732 487.500000 nan
733 487.500000 nan
734 487.500000 nan
735 487.500000 nan
736 487.500000 nan
737 487.500000 nan
738 487.500000 nan
739 487.500000 nan
740 487.500000 nan
741 487.500000 nan
742 487.500000 nan
743 487.500000 nan
744 487.500000 nan
745 487.500000 nan
746 487.500000 nan
747 487.500000 nan
748 487.500000 nan
749 487.500000 nan
750 487.500000 nan
751 487.500000 nan
752 487.500000 nan
753 487.500000 nan
754 487.500000 nan
755 487.500000 nan
756 487.500000 nan
757 487.500000 nan
758 487.500000 nan
759 487.500000 nan
760 487.500000 nan
761 487.500000 nan
762 487.500000 nan
763 487.500000 nan
764 487.500000 nan
765 487.500000 nan
766 487.500000 nan
767 487.500000 nan
768 487.500000 nan
769 487.500000 nan
770 487.500000 nan
771 487.500000 nan
772 487.500000 nan
773 487.500000 nan
774 487.500000 nan
775 487.500000 nan
776 487.500000 nan
777 487.500000 nan
778 487.500000 nan
779 487.500000 nan
780 487.500000 nan
781 487.500000 nan
782 487.500000 nan
783 487.500000 nan
784 487.500000 nan
785 487.500000 nan
786 487.500000 nan
787 487.500000 nan
788 487.500000 nan
789 487.500000 nan
790 487.500000 nan
791 487.500000 nan
792 487.500000 nan
793 487.500000 nan
794 487.500000 nan
795 487.500000 nan
796 487.500000 nan
797 487.500000 nan
798 487.500000 nan
799 487.500000 nan
800 487.500000 nan
801 487.500000 nan
802 487.500000 nan
803 487.500000 nan
804 487.500000 nan
805 487.500000 nan
806 487.500000 nan
807 487.500000 nan
808 487.500000 nan
809 487.500000 nan
810 487.500000 nan
811 487.500000 nan
812 487.500000 nan
813 487.500000 nan
814 487.500000 nan
815 487.500000 nan
816 487.500000 nan
817 487.500000 nan
818 487.500000 nan
819 487.500000 nan
820 487.500000 nan
821 487.500000 nan
822 487.500000 nan
823 487.500000 nan
824 487.500000 nan
825 487.500000 nan
826 487.500000 nan
827 487.500000 nan
828 487.500000 nan
829 487.500000 nan
830 487.500000 nan
831 487.500000 nan
832 487.500000 nan
833 487.500000 nan
834 487.500000 nan
835 487.500000 nan
836 487.500000 nan
837 487.500000 nan
838 487.500000 nan
839 487.500000 nan
840 487.500000 nan
841 487.500000 nan
842 487.500000 nan
843 487.500000 nan
844 487.500000 nan
845 487.500000 nan
846 487.500000 nan
847 487.500000 nan
848 487.500000 nan
849 487.500000 nan
850 487.500000 nan
851 487.500000 nan
852 487.500000 nan
853 487.500000 nan
854 487.500000 nan
855 487.500000 nan
856 487.500000 nan
857 487.500000 nan
858 487.500000 nan
859 487.500000 nan
860 487.500000 nan
861 487.500000 nan
862 487.500000 nan
863 487.500000 nan
864 487.500000 nan
865 487.500000 nan
866 487.500000 nan
867 487.500000 nan
868 487.500000 nan
869 487.500000 nan
870 487.500000 nan
871 487.500000 nan
872 487.500000 nan
873 487.500000 nan
874 487.500000 nan
875 487.500000 nan
876 487.500000 nan
877 487.500000 nan
878 487.500000 nan
879 487.500000 nan
880 487.500000 nan
881 487.500000 nan
882 487.500000 nan
883 487.500000 nan
884 487.500000 nan
885 487.500000 nan
886 487.500000 nan
887 487.500000 nan
888 487.500000 nan
889 487.500000 nan
890 487.500000 nan
891 487.500000 nan
892 487.500000 nan
893 487.500000 nan
894 487.500000 nan
895 487.500000 nan
896 487.500000 nan
897 487.500000 nan
898 487.500000 nan
899 487.500000 nan
900 487.500000 nan
901 487.500000 nan
902 487.500000 nan
903 487.500000 nan
904 487.500000 nan
905 487.500000 nan
906 487.500000 nan
907 487.500000 nan
908 487.500000 nan
909 487.500000 nan
910 487.500000 nan
911 487.500000 nan
912 487.500000 nan
913 487.500000 nan
914 487.500000 nan
915 487.500000 nan
916 487.500000 nan
917 487.500000 nan
918 487.500000 nan
919 487.500000 nan
920 487.500000 nan
921 487.500000 nan
922 487.500000 nan
923 487.500000 nan
924 487.500000 nan
925 487.500000 nan
926 487.500000 nan
927 487.500000 nan
928 487.500000 nan
929 487.500000 nan
930 487.500000 nan
931 487.500000 nan
932 487.500000 nan
933 487.500000 nan
934 487.500000 nan
935 487.500000 nan
936 487.500000 nan
937 487.500000 nan
938 487.500000 nan
939 487.500000 nan
940 487.500000 nan
941 487.500000 nan
942 487.500000 nan
943 487.500000 nan
944 487.500000 nan
945 487.500000 nan
946 487.500000 nan
947 487.500000 nan
948 487.500000 nan
949 487.500000 nan
950 487.500000 nan
951 487.500000 nan
952 487.500000 nan
953 487.500000 nan
954 487.500000 nan
955 487.500000 nan
956 487.500000 nan
957 487.500000 nan
958 487.500000 nan
959 487.500000 nan
960 487.500000 nan
961 487.500000 nan
962 487.500000 nan
963 487.500000 nan
964 487.500000 nan
965 487.500000 nan
966 487.500000 nan
967 487.500000 nan
968 487.500000 nan
969 487.500000 nan
970 487.500000 nan
971 487.500000 nan
972 487.500000 nan
973 487.500000 nan
974 487.500000 nan
975 487.500000 nan
976 487.500000 nan
977 487.500000 nan
978 487.500000 nan
979 487.500000 nan
980 487.500000 nan
981 487.500000 nan
982 487.500000 nan
983 487.500000 nan
984 487.500000 nan
985 487.500000 nan
986 487.500000 nan
987 487.500000 nan
988 487.500000 nan
989 487.500000 nan
990 487.500000 nan
991 487.500000 nan
992 487.500000 nan
993 487.500000 nan
994 487.500000 nan
995 487.500000 nan
996 487.500000 nan
997 487.500000 nan
998 487.500000 nan
999 487.500000 nan
