0 710.000000 nan
1 620.000000 nan
2 610.000000 nan
3 610.000000 nan
4 590.000000 nan
5 590.000000 nan
6 590.000000 nan
7 570.000000 nan
8 570.000000 nan
9 570.000000 nan
10 570.000000 nan
11 570.000000 nan
12 570.000000 nan
13 570.000000 nan
14 570.000000 nan
15 550.000000 nan
16 520.000000 nan
17 520.000000 nan
18 490.000000 nan
19 490.000000 nan
20 490.000000 nan
21 490.000000 nan
22 490.000000 nan
23 490.000000 nan
24 490.000000 nan
25 490.000000 nan
26 490.000000 nan
27 490.000000 nan
28 490.000000 nan
29 490.000000 nan
30 490.000000 nan
31 490.000000 nan
32 490.000000 nan
33 490.000000 nan
34 490.000000 nan
35 490.000000 nan
36 490.000000 nan
37 490.000000 nan
38 490.000000 nan
39 490.000000 nan
40 490.000000 nan
41 490.000000 nan
42 490.000000 nan
43 490.000000 nan
44 490.000000 nan
45 490.000000 nan
46 490.000000 nan
47 490.000000 nan
48 490.000000 nan
49 490.000000 nan
50 490.000000 nan
51 490.000000 nan
52 490.000000 nan
53 490.000000 nan
54 490.000000 nan
55 490.000000 nan
56 490.000000 nan
57 490.000000 nan
58 490.000000 nan
59 490.000000 nan
60 490.000000 nan
61 490.000000 nan
62 490.000000 nan
63 490.000000 nan
64 490.000000 nan
65 490.000000 nan
66 490.000000 nan
67 490.000000 nan
68 490.000000 nan
69 490.000000 nan
70 490.000000 nan
71 490.000000 nan
72 490.000000 nan
73 490.000000 nan
74 490.000000 nan
75 490.000000 nan
76 490.000000 nan
77 490.000000 nan
78 490.000000 nan
79 490.000000 nan
80 490.000000 nan
81 490.000000 nan
82 490.000000 nan
83 490.000000 nan
84 490.000000 nan
85 490.000000 nan
86 490.000000 nan
87 490.000000 nan
88 490.000000 nan
89 490.000000 nan
90 490.000000 nan
91 490.000000 nan
92 490.000000 nan
93 490.000000 nan
94 490.000000 nan
95 490.000000 nan
96 490.000000 nan
97 490.000000 nan
98 490.000000 nan
99 490.000000 nan
100 490.000000 nan
101 490.000000 nan
102 490.000000 nan
103 490.000000 nan
104 490.000000 nan
105 490.000000 nan
106 490.000000 nan
107 490.000000 nan
108 490.000000 nan
109 490.000000 nan
110 490.000000 nan
111 490.000000 nan
112 490.000000 nan
113 490.000000 nan
114 490.000000 nan
115 490.000000 nan
116 490.000000 nan
117 490.000000 nan
118 490.000000 nan
119 490.000000 nan
120 490.000000 nan
121 490.000000 nan
122 490.000000 nan
123 490.000000 nan
124 490.000000 nan
125 490.000000 nan
126 490.000000 nan
127 490.000000 nan
128 490.000000 nan
129 490.000000 nan
130 490.000000 nan
131 490.000000 nan
132 490.000000 nan
133 490.000000 nan
134 490.000000 nan
135 490.000000 nan
136 490.000000 nan
137 490.000000 nan
138 490.000000 nan
139 490.000000 nan
140 490.000000 nan
141 490.000000 nan
142 490.000000 nan
143 490.000000 nan
144 490.000000 nan
145 490.000000 nan
146 490.000000 nan
147 490.000000 nan
148 490.000000 nan
149 490.000000 nan
150 490.000000 nan
151 490.000000 nan
152 490.000000 nan
153 490.000000 nan
154 490.000000 nan
155 490.000000 nan
156 490.000000 nan
157 490.000000 nan
158 490.000000 nan
159 490.000000 nan
160 490.000000 nan
161 490.000000 nan
162 490.000000 nan
163 490.000000 nan
164 490.000000 nan
165 490.000000 nan
166 490.000000 nan
167 490.000000 nan
168 490.000000 nan
169 490.000000 nan
170 490.000000 nan
171 490.000000 nan
172 490.000000 nan
173 490.000000 nan
174 490.000000 nan
175 490.000000 nan
176 490.000000 nan
177 490.000000 nan
178 490.000000 nan
179 490.000000 nan
180 490.000000 nan
181 490.000000 nan
182 490.000000 nan
183 490.000000 nan
184 490.000000 nan
185 490.000000 nan
186 490.000000 nan
187 490.000000 nan
188 490.000000 nan
189 490.000000 nan
190 490.000000 nan
191 490.000000 nan
192 490.000000 nan
193 490.000000 nan
194 490.000000 nan
195 490.000000 nan
196 490.000000 nan
197 490.000000 nan
198 490.000000 nan
199 490.000000 nan
