0 680.000000 nan
1 680.000000 nan
2 660.000000 nan
3 660.000000 nan
4 660.000000 nan
5 660.000000 nan
6 660.000000 nan
7 660.000000 nan
8 660.000000 nan
9 660.000000 nan
10 660.000000 nan
11 660.000000 nan
12 660.000000 nan
13 660.000000 nan
14 660.000000 nan
15 660.000000 nan
16 660.000000 nan
17 660.000000 nan
18 660.000000 nan
19 660.000000 nan
20 660.000000 nan
21 660.000000 nan
22 660.000000 nan
23 650.000000 nan
24 650.000000 nan
25 650.000000 nan
26 590.000000 nan
27 570.000000 nan
28 570.000000 nan
29 570.000000 nan
30 570.000000 nan
31 570.000000 nan
32 570.000000 nan
33 570.000000 nan
34 570.000000 nan
35 570.000000 nan
36 570.000000 nan
37 570.000000 nan
38 570.000000 nan
39 570.000000 nan
40 570.000000 nan
41 570.000000 nan
42 570.000000 nan
43 570.000000 nan
44 570.000000 nan
45 570.000000 nan
46 570.000000 nan
47 570.000000 nan
48 570.000000 nan
49 570.000000 nan
50 570.000000 nan
51 570.000000 nan
52 570.000000 nan
53 570.000000 nan
54 570.000000 nan
55 570.000000 nan
56 570.000000 nan
57 570.000000 nan
58 570.000000 nan
59 570.000000 nan
60 570.000000 nan
61 570.000000 nan
62 570.000000 nan
63 570.000000 nan
64 570.000000 nan
65 570.000000 nan
66 570.000000 nan
67 570.000000 nan
68 570.000000 nan
69 570.000000 nan
70 570.000000 nan
71 570.000000 nan
72 570.000000 nan
73 570.000000 nan
74 570.000000 nan
75 570.000000 nan
76 570.000000 nan
77 570.000000 nan
78 570.000000 nan
79 570.000000 nan
80 570.000000 nan
81 570.000000 nan
82 570.000000 nan
83 570.000000 nan
84 570.000000 nan
85 570.000000 nan
86 570.000000 nan
87 550.000000 nan
88 550.000000 nan
89 550.000000 nan
90 550.000000 nan
91 550.000000 nan
92 550.000000 nan
93 550.000000 nan
94 550.000000 nan
95 550.000000 nan
96 550.000000 nan
97 550.000000 nan
98 510.000000 nan
99 510.000000 nan
100 510.000000 nan
101 510.000000 nan
102 510.000000 nan
103 510.000000 nan
104 510.000000 nan
105 510.000000 nan
106 510.000000 nan
107 510.000000 nan
108 510.000000 nan
109 510.000000 nan
110 510.000000 nan
111 510.000000 nan
112 510.000000 nan
113 510.000000 nan
114 510.000000 nan
115 510.000000 nan
116 510.000000 nan
117 510.000000 nan
118 510.000000 nan
119 510.000000 nan
120 510.000000 nan
121 510.000000 nan
122 510.000000 nan
123 510.000000 nan
124 510.000000 nan
125 510.000000 nan
126 510.000000 nan
127 510.000000 nan
128 510.000000 nan
129 510.000000 nan
130 510.000000 nan
131 510.000000 nan
132 510.000000 nan
133 510.000000 nan
134 510.000000 nan
135 510.000000 nan
136 510.000000 nan
137 510.000000 nan
138 510.000000 nan
139 510.000000 nan
140 510.000000 nan
141 510.000000 nan
142 510.000000 nan
143 490.000000 nan
144 490.000000 nan
145 490.000000 nan
146 490.000000 nan
147 490.000000 nan
148 490.000000 nan
149 490.000000 nan
150 490.000000 nan
151 490.000000 nan
152 490.000000 nan
153 490.000000 nan
154 490.000000 nan
155 490.000000 nan
156 490.000000 nan
157 490.000000 nan
158 490.000000 nan
159 490.000000 nan
160 490.000000 nan
161 490.000000 nan
162 490.000000 nan
163 490.000000 nan
164 490.000000 nan
165 490.000000 nan
166 490.000000 nan
167 490.000000 nan
168 490.000000 nan
169 490.000000 nan
170 490.000000 nan
171 490.000000 nan
172 490.000000 nan
173 490.000000 nan
174 490.000000 nan
175 490.000000 nan
176 490.000000 nan
177 490.000000 nan
178 490.000000 nan
179 490.000000 nan
180 490.000000 nan
181 490.000000 nan
182 490.000000 nan
183 490.000000 nan
184 490.000000 nan
185 490.000000 nan
186 490.000000 nan
187 490.000000 nan
188 490.000000 nan
189 490.000000 nan
190 490.000000 nan
191 490.000000 nan
192 490.000000 nan
193 490.000000 nan
194 490.000000 nan
195 490.000000 nan
196 490.000000 nan
197 490.000000 nan
198 490.000000 nan
199 490.000000 nan
