0 511.500000 511.500000
1 511.500000 511.500000
2 509.300000 509.300000
3 464.400000 464.400000
4 455.600000 455.600000
5 438.800000 438.800000
6 438.800000 438.800000
7 438.800000 438.800000
8 438.800000 438.800000
9 438.800000 438.800000
10 438.800000 438.800000
11 438.800000 438.800000
12 438.800000 438.800000
13 438.800000 438.800000
14 438.800000 438.800000
15 438.800000 438.800000
16 438.800000 438.800000
17 438.800000 438.800000
18 438.800000 438.800000
19 438.800000 438.800000
20 438.800000 438.800000
21 438.800000 438.800000
22 438.800000 438.800000
23 438.800000 438.800000
24 438.800000 438.800000
25 438.800000 438.800000
26 438.800000 438.800000
27 438.800000 438.800000
28 438.800000 438.800000
29 438.800000 438.800000
30 438.800000 438.800000
31 438.800000 438.800000
32 438.800000 438.800000
33 433.600000 433.600000
34 431.500000 431.500000
35 431.500000 431.500000
36 431.500000 431.500000
37 431.500000 431.500000
38 431.500000 431.500000
39 431.500000 431.500000
40 431.500000 431.500000
41 431.500000 431.500000
42 431.500000 431.500000
43 431.500000 431.500000
44 431.500000 431.500000
45 431.500000 431.500000
46 431.500000 431.500000
47 431.500000 431.500000
48 431.500000 431.500000
49 431.500000 431.500000
50 431.500000 431.500000
51 431.500000 431.500000
52 431.500000 431.500000
53 431.500000 431.500000
54 431.500000 431.500000
55 431.500000 431.500000
56 431.500000 431.500000
57 431.500000 431.500000
58 431.500000 431.500000
59 431.500000 431.500000
60 431.500000 431.500000
61 431.500000 431.500000
62 431.500000 431.500000
63 431.500000 431.500000
64 431.500000 431.500000
65 431.500000 431.500000
66 431.500000 431.500000
67 431.500000 431.500000
68 431.500000 431.500000
69 431.500000 431.500000
70 431.500000 431.500000
71 431.500000 431.500000
72 431.500000 431.500000
73 431.500000 431.500000
74 431.500000 431.500000
75 431.500000 431.500000
76 431.500000 431.500000
77 431.500000 431.500000
78 431.500000 431.500000
79 431.500000 431.500000
80 431.500000 431.500000
81 431.500000 431.500000
82 431.500000 431.500000
83 431.500000 431.500000
84 431.500000 431.500000
85 431.500000 431.500000
86 431.500000 431.500000
87 431.500000 431.500000
88 431.500000 431.500000
89 431.500000 431.500000
90 431.500000 431.500000
91 431.500000 431.500000
92 431.500000 431.500000
93 431.500000 431.500000
94 431.500000 431.500000
95 431.500000 431.500000
96 431.500000 431.500000
97 431.500000 431.500000
98 431.500000 431.500000
99 431.500000 431.500000
100 431.500000 431.500000
101 431.500000 431.500000
102 431.500000 431.500000
103 431.500000 431.500000
104 431.500000 431.500000
105 431.500000 431.500000
106 431.500000 431.500000
107 431.500000 431.500000
108 431.500000 431.500000
109 431.500000 431.500000
110 431.500000 431.500000
111 431.500000 431.500000
112 431.500000 431.500000
113 431.500000 431.500000
114 431.500000 431.500000
115 431.500000 431.500000
116 431.500000 431.500000
117 431.500000 431.500000
118 431.500000 431.500000
119 431.500000 431.500000
120 431.500000 431.500000
121 431.500000 431.500000
122 431.500000 431.500000
123 431.500000 431.500000
124 431.500000 431.500000
125 431.500000 431.500000
126 431.500000 431.500000
127 431.500000 431.500000
128 431.500000 431.500000
129 431.500000 431.500000
130 431.500000 431.500000
131 431.500000 431.500000
132 431.500000 431.500000
133 431.500000 431.500000
134 431.500000 431.500000
135 431.500000 431.500000
136 431.500000 431.500000
137 431.500000 431.500000
138 431.500000 431.500000
139 431.500000 431.500000
140 431.500000 431.500000
141 431.500000 431.500000
142 431.500000 431.500000
143 431.500000 431.500000
144 431.500000 431.500000
145 431.500000 431.500000
146 431.500000 431.500000
147 431.500000 431.500000
148 431.500000 431.500000
149 431.500000 431.500000
150 431.500000 431.500000
151 431.500000 431.500000
152 431.500000 431.500000
153 431.500000 431.500000
154 431.500000 431.500000
155 431.500000 431.500000
156 431.500000 431.500000
157 431.500000 431.500000
158 431.500000 431.500000
159 431.500000 431.500000
160 431.500000 431.500000
161 431.500000 431.500000
162 431.500000 431.500000
163 431.500000 431.500000
164 431.500000 431.500000
165 431.500000 431.500000
166 431.500000 434.100000
167 431.500000 434.100000
168 431.500000 433.600000
169 431.500000 434.100000
170 431.500000 434.100000
171 431.500000 432.300000
172 431.500000 432.300000
173 431.500000 432.300000
174 431.500000 432.300000
175 431.500000 432.300000
176 431.500000 432.300000
177 431.500000 432.300000
178 431.500000 433.600000
179 431.500000 432.300000
180 431.500000 434.100000
181 431.500000 434.100000
182 431.500000 452.400000
183 431.500000 452.400000
184 431.500000 451.300000
185 431.500000 451.300000
186 431.500000 443.600000
187 431.500000 443.600000
188 431.500000 443.600000
189 431.500000 458.600000
190 431.500000 458.600000
191 431.500000 458.600000
192 431.500000 485.700000
193 431.500000 477.700000
194 431.500000 446.200000
195 431.500000 443.600000
196 431.500000 443.600000
197 431.500000 443.600000
198 431.500000 464.800000
199 431.500000 464.800000
