0 890.000000 1040.500000
1 760.000000 934.500000
2 760.000000 918.500000
3 760.000000 905.000000
4 760.000000 875.500000
5 720.000000 831.000000
6 720.000000 813.500000
7 720.000000 779.500000
8 660.000000 746.000000
9 660.000000 735.000000
10 660.000000 727.500000
11 660.000000 703.500000
12 650.000000 681.000000
13 620.000000 666.000000
14 620.000000 648.500000
15 620.000000 634.500000
16 620.000000 625.000000
17 620.000000 620.000000
18 620.000000 620.000000
19 620.000000 620.000000
20 620.000000 620.000000
21 620.000000 620.000000
22 620.000000 620.000000
23 620.000000 620.000000
24 620.000000 620.000000
25 620.000000 620.000000
26 620.000000 620.000000
27 620.000000 620.000000
28 620.000000 620.000000
29 600.000000 620.000000
30 600.000000 620.000000
31 600.000000 620.000000
32 600.000000 620.000000
33 600.000000 620.000000
34 600.000000 620.000000
35 600.000000 620.000000
36 600.000000 620.000000
37 600.000000 620.000000
38 600.000000 620.000000
39 600.000000 620.000000
40 600.000000 620.000000
41 600.000000 620.000000
42 600.000000 620.000000
43 600.000000 620.000000
44 600.000000 620.000000
45 600.000000 620.000000
46 600.000000 620.000000
47 600.000000 620.000000
48 600.000000 620.000000
49 600.000000 619.000000
50 580.000000 608.000000
51 580.000000 602.000000
52 580.000000 588.000000
53 580.000000 580.000000
54 580.000000 580.000000
55 580.000000 580.000000
56 580.000000 580.000000
57 580.000000 580.000000
58 580.000000 580.000000
59 580.000000 580.000000
60 580.000000 580.000000
61 580.000000 580.000000
62 580.000000 580.000000
63 580.000000 580.000000
64 580.000000 580.000000
65 580.000000 580.000000
66 580.000000 580.000000
67 580.000000 580.000000
68 580.000000 580.000000
69 580.000000 580.000000
70 580.000000 580.000000
71 580.000000 580.000000
72 580.000000 580.000000
73 580.000000 580.000000
74 580.000000 580.000000
75 580.000000 580.000000
76 580.000000 580.000000
77 580.000000 580.000000
78 580.000000 580.000000
79 580.000000 580.000000
80 580.000000 580.000000
81 580.000000 580.000000
82 580.000000 580.000000
83 580.000000 580.000000
84 580.000000 580.000000
85 580.000000 580.000000
86 580.000000 580.000000
87 580.000000 580.000000
88 580.000000 580.000000
89 580.000000 580.000000
90 580.000000 580.000000
91 580.000000 580.000000
92 580.000000 580.000000
93 580.000000 580.000000
94 580.000000 580.000000
95 580.000000 580.000000
96 580.000000 580.000000
97 580.000000 580.000000
98 580.000000 580.000000
99 580.000000 580.000000
100 580.000000 580.000000
101 580.000000 580.000000
102 580.000000 580.000000
103 580.000000 580.000000
104 580.000000 580.000000
105 580.000000 580.000000
106 580.000000 580.000000
107 580.000000 580.000000
108 580.000000 580.000000
109 580.000000 580.000000
110 580.000000 580.000000
111 580.000000 580.000000
112 580.000000 580.000000
113 580.000000 580.000000
114 580.000000 580.000000
115 580.000000 580.000000
116 580.000000 580.000000
117 580.000000 580.000000
118 580.000000 580.000000
119 580.000000 580.000000
120 580.000000 580.000000
121 580.000000 580.000000
122 580.000000 580.000000
123 580.000000 580.000000
124 580.000000 580.000000
125 580.000000 580.000000
126 580.000000 580.000000
127 580.000000 580.000000
128 580.000000 580.000000
129 580.000000 580.000000
130 580.000000 580.000000
131 580.000000 580.000000
132 580.000000 580.000000
133 580.000000 580.000000
134 580.000000 580.000000
135 580.000000 580.000000
136 580.000000 580.000000
137 580.000000 580.000000
138 580.000000 580.000000
139 580.000000 580.000000
140 580.000000 580.000000
141 580.000000 580.000000
142 580.000000 580.000000
143 580.000000 580.000000
144 580.000000 580.000000
145 580.000000 580.000000
146 580.000000 580.000000
147 580.000000 580.000000
148 580.000000 580.000000
149 580.000000 580.000000
150 580.000000 580.000000
151 580.000000 580.000000
152 580.000000 580.000000
153 580.000000 580.000000
154 580.000000 580.000000
155 580.000000 580.000000
156 580.000000 580.000000
157 580.000000 580.000000
158 580.000000 580.000000
159 580.000000 580.000000
160 580.000000 580.000000
161 580.000000 580.000000
162 580.000000 580.000000
163 580.000000 580.000000
164 580.000000 580.000000
165 580.000000 580.000000
166 580.000000 580.000000
167 580.000000 580.000000
168 580.000000 580.000000
169 580.000000 580.000000
170 580.000000 580.000000
171 580.000000 580.000000
172 580.000000 580.000000
173 580.000000 580.000000
174 580.000000 580.000000
175 580.000000 580.000000
176 580.000000 580.000000
177 580.000000 580.000000
178 580.000000 580.000000
179 580.000000 580.000000
180 580.000000 580.000000
181 580.000000 580.000000
182 580.000000 580.000000
183 580.000000 580.000000
184 580.000000 580.000000
185 580.000000 580.000000
186 580.000000 580.000000
187 580.000000 580.000000
188 580.000000 580.000000
189 580.000000 580.000000
190 580.000000 580.000000
191 580.000000 580.000000
192 580.000000 580.000000
193 580.000000 580.000000
194 580.000000 580.000000
195 580.000000 580.000000
196 580.000000 580.000000
197 580.000000 580.000000
198 580.000000 580.000000
199 580.000000 580.000000
200 580.000000 580.000000
