0 1020.000000 nan
1 510.000000 nan
2 510.000000 nan
3 510.000000 nan
4 510.000000 nan
5 510.000000 nan
6 510.000000 nan
7 510.000000 nan
8 510.000000 nan
9 510.000000 nan
10 510.000000 nan
11 500.000000 nan
12 500.000000 nan
13 470.000000 nan
14 470.000000 nan
15 470.000000 nan
16 470.000000 nan
17 470.000000 nan
18 470.000000 nan
19 460.000000 nan
20 460.000000 nan
21 460.000000 nan
22 460.000000 nan
23 440.000000 nan
24 440.000000 nan
25 440.000000 nan
26 440.000000 nan
27 440.000000 nan
28 440.000000 nan
29 440.000000 nan
30 440.000000 nan
31 440.000000 nan
32 440.000000 nan
33 440.000000 nan
34 440.000000 nan
35 440.000000 nan
36 440.000000 nan
37 440.000000 nan
38 440.000000 nan
39 440.000000 nan
40 440.000000 nan
41 440.000000 nan
42 440.000000 nan
43 440.000000 nan
44 440.000000 nan
45 440.000000 nan
46 440.000000 nan
47 440.000000 nan
48 440.000000 nan
49 440.000000 nan
50 440.000000 nan
51 440.000000 nan
52 440.000000 nan
53 440.000000 nan
54 440.000000 nan
55 440.000000 nan
56 440.000000 nan
57 440.000000 nan
58 440.000000 nan
59 440.000000 nan
60 440.000000 nan
61 440.000000 nan
62 440.000000 nan
63 440.000000 nan
64 440.000000 nan
65 440.000000 nan
66 440.000000 nan
67 440.000000 nan
68 440.000000 nan
69 440.000000 nan
70 440.000000 nan
71 440.000000 nan
72 440.000000 nan
73 440.000000 nan
74 440.000000 nan
75 440.000000 nan
76 440.000000 nan
77 440.000000 nan
78 440.000000 nan
79 440.000000 nan
80 440.000000 nan
81 440.000000 nan
82 440.000000 nan
83 440.000000 nan
84 440.000000 nan
85 440.000000 nan
86 440.000000 nan
87 440.000000 nan
88 440.000000 nan
89 440.000000 nan
90 440.000000 nan
91 440.000000 nan
92 440.000000 nan
93 440.000000 nan
94 440.000000 nan
95 440.000000 nan
96 440.000000 nan
97 440.000000 nan
98 440.000000 nan
99 440.000000 nan
100 440.000000 nan
101 440.000000 nan
102 440.000000 nan
103 440.000000 nan
104 440.000000 nan
105 440.000000 nan
106 440.000000 nan
107 440.000000 nan
108 440.000000 nan
109 440.000000 nan
110 440.000000 nan
111 440.000000 nan
112 440.000000 nan
113 440.000000 nan
114 440.000000 nan
115 440.000000 nan
116 440.000000 nan
117 440.000000 nan
118 440.000000 nan
119 440.000000 nan
120 440.000000 nan
121 440.000000 nan
122 440.000000 nan
123 440.000000 nan
124 440.000000 nan
125 440.000000 nan
126 440.000000 nan
127 440.000000 nan
128 440.000000 nan
129 440.000000 nan
130 440.000000 nan
131 440.000000 nan
132 440.000000 nan
133 440.000000 nan
134 440.000000 nan
135 440.000000 nan
136 440.000000 nan
137 440.000000 nan
138 440.000000 nan
139 440.000000 nan
140 440.000000 nan
141 440.000000 nan
142 440.000000 nan
143 440.000000 nan
144 440.000000 nan
145 440.000000 nan
146 440.000000 nan
147 440.000000 nan
148 440.000000 nan
149 440.000000 nan
150 440.000000 nan
151 440.000000 nan
152 440.000000 nan
153 440.000000 nan
154 440.000000 nan
155 440.000000 nan
156 440.000000 nan
157 440.000000 nan
158 440.000000 nan
159 440.000000 nan
160 440.000000 nan
161 440.000000 nan
162 440.000000 nan
163 440.000000 nan
164 440.000000 nan
165 440.000000 nan
166 440.000000 nan
167 440.000000 nan
168 440.000000 nan
169 440.000000 nan
170 440.000000 nan
171 440.000000 nan
172 440.000000 nan
173 440.000000 nan
174 440.000000 nan
175 440.000000 nan
176 440.000000 nan
177 440.000000 nan
178 440.000000 nan
179 440.000000 nan
180 440.000000 nan
181 440.000000 nan
182 440.000000 nan
183 440.000000 nan
184 440.000000 nan
185 440.000000 nan
186 440.000000 nan
187 440.000000 nan
188 440.000000 nan
189 440.000000 nan
190 440.000000 nan
191 440.000000 nan
192 440.000000 nan
193 440.000000 nan
194 440.000000 nan
195 440.000000 nan
196 440.000000 nan
197 440.000000 nan
198 440.000000 nan
199 440.000000 nan
200 440.000000 nan
201 440.000000 nan
202 440.000000 nan
203 440.000000 nan
204 440.000000 nan
205 440.000000 nan
206 440.000000 nan
207 440.000000 nan
208 440.000000 nan
209 440.000000 nan
210 440.000000 nan
211 440.000000 nan
212 440.000000 nan
213 440.000000 nan
214 440.000000 nan
215 440.000000 nan
216 440.000000 nan
217 440.000000 nan
218 440.000000 nan
219 440.000000 nan
220 440.000000 nan
221 440.000000 nan
222 440.000000 nan
223 440.000000 nan
224 440.000000 nan
225 440.000000 nan
226 440.000000 nan
227 440.000000 nan
228 440.000000 nan
229 440.000000 nan
230 440.000000 nan
231 440.000000 nan
232 440.000000 nan
233 440.000000 nan
234 440.000000 nan
235 440.000000 nan
236 440.000000 nan
237 440.000000 nan
238 440.000000 nan
239 440.000000 nan
240 440.000000 nan
241 440.000000 nan
242 440.000000 nan
243 440.000000 nan
244 440.000000 nan
245 440.000000 nan
246 440.000000 nan
247 440.000000 nan
248 440.000000 nan
249 440.000000 nan
250 440.000000 nan
251 440.000000 nan
252 440.000000 nan
253 440.000000 nan
254 440.000000 nan
255 440.000000 nan
256 440.000000 nan
257 440.000000 nan
258 440.000000 nan
259 440.000000 nan
260 440.000000 nan
261 440.000000 nan
262 440.000000 nan
263 440.000000 nan
264 440.000000 nan
265 440.000000 nan
266 440.000000 nan
267 440.000000 nan
268 440.000000 nan
269 440.000000 nan
270 440.000000 nan
271 440.000000 nan
272 440.000000 nan
273 440.000000 nan
274 440.000000 nan
275 440.000000 nan
276 440.000000 nan
277 440.000000 nan
278 440.000000 nan
279 440.000000 nan
280 440.000000 nan
281 440.000000 nan
282 440.000000 nan
283 440.000000 nan
284 440.000000 nan
285 440.000000 nan
286 440.000000 nan
287 440.000000 nan
288 440.000000 nan
289 440.000000 nan
290 440.000000 nan
291 440.000000 nan
292 440.000000 nan
293 440.000000 nan
294 440.000000 nan
295 440.000000 nan
296 440.000000 nan
297 440.000000 nan
298 440.000000 nan
299 440.000000 nan
300 440.000000 nan
301 440.000000 nan
302 440.000000 nan
303 440.000000 nan
304 440.000000 nan
305 440.000000 nan
306 440.000000 nan
307 440.000000 nan
308 440.000000 nan
309 440.000000 nan
310 440.000000 nan
311 440.000000 nan
312 440.000000 nan
313 440.000000 nan
314 440.000000 nan
315 440.000000 nan
316 440.000000 nan
317 440.000000 nan
318 440.000000 nan
319 440.000000 nan
320 440.000000 nan
321 440.000000 nan
322 440.000000 nan
323 440.000000 nan
324 440.000000 nan
325 440.000000 nan
326 440.000000 nan
327 440.000000 nan
328 440.000000 nan
329 440.000000 nan
330 440.000000 nan
331 440.000000 nan
332 440.000000 nan
333 440.000000 nan
334 440.000000 nan
335 440.000000 nan
336 440.000000 nan
337 440.000000 nan
338 440.000000 nan
339 440.000000 nan
340 440.000000 nan
341 440.000000 nan
342 440.000000 nan
343 440.000000 nan
344 440.000000 nan
345 440.000000 nan
346 440.000000 nan
347 440.000000 nan
348 440.000000 nan
349 440.000000 nan
350 440.000000 nan
351 440.000000 nan
352 440.000000 nan
353 440.000000 nan
354 440.000000 nan
355 440.000000 nan
356 440.000000 nan
357 440.000000 nan
358 440.000000 nan
359 440.000000 nan
360 440.000000 nan
361 440.000000 nan
362 440.000000 nan
363 440.000000 nan
364 440.000000 nan
365 440.000000 nan
366 440.000000 nan
367 440.000000 nan
368 440.000000 nan
369 440.000000 nan
370 440.000000 nan
371 440.000000 nan
372 440.000000 nan
373 440.000000 nan
374 440.000000 nan
375 440.000000 nan
376 440.000000 nan
377 440.000000 nan
378 440.000000 nan
379 440.000000 nan
380 440.000000 nan
381 440.000000 nan
382 440.000000 nan
383 440.000000 nan
384 440.000000 nan
385 440.000000 nan
386 440.000000 nan
387 440.000000 nan
388 440.000000 nan
389 440.000000 nan
390 440.000000 nan
391 440.000000 nan
392 440.000000 nan
393 440.000000 nan
394 440.000000 nan
395 440.000000 nan
396 440.000000 nan
397 440.000000 nan
398 440.000000 nan
399 440.000000 nan
400 440.000000 nan
401 440.000000 nan
402 440.000000 nan
403 440.000000 nan
404 440.000000 nan
405 440.000000 nan
406 440.000000 nan
407 440.000000 nan
408 440.000000 nan
409 440.000000 nan
410 440.000000 nan
411 440.000000 nan
412 440.000000 nan
413 440.000000 nan
414 440.000000 nan
415 440.000000 nan
416 440.000000 nan
417 440.000000 nan
418 440.000000 nan
419 440.000000 nan
420 440.000000 nan
421 440.000000 nan
422 440.000000 nan
423 440.000000 nan
424 440.000000 nan
425 440.000000 nan
426 440.000000 nan
427 440.000000 nan
428 440.000000 nan
429 440.000000 nan
430 440.000000 nan
431 440.000000 nan
432 440.000000 nan
433 440.000000 nan
434 440.000000 nan
435 440.000000 nan
436 440.000000 nan
437 440.000000 nan
438 440.000000 nan
439 440.000000 nan
440 440.000000 nan
441 440.000000 nan
442 440.000000 nan
443 440.000000 nan
444 440.000000 nan
445 440.000000 nan
446 440.000000 nan
447 440.000000 nan
448 440.000000 nan
449 440.000000 nan
450 440.000000 nan
451 440.000000 nan
452 440.000000 nan
453 440.000000 nan
454 440.000000 nan
455 440.000000 nan
456 440.000000 nan
457 440.000000 nan
458 440.000000 nan
459 440.000000 nan
460 440.000000 nan
461 440.000000 nan
462 440.000000 nan
463 440.000000 nan
464 440.000000 nan
465 440.000000 nan
466 440.000000 nan
467 440.000000 nan
468 440.000000 nan
469 440.000000 nan
470 440.000000 nan
471 440.000000 nan
472 440.000000 nan
473 440.000000 nan
474 440.000000 nan
475 440.000000 nan
476 440.000000 nan
477 440.000000 nan
478 440.000000 nan
479 440.000000 nan
480 440.000000 nan
481 440.000000 nan
482 440.000000 nan
483 440.000000 nan
484 440.000000 nan
485 440.000000 nan
486 440.000000 nan
487 440.000000 nan
488 440.000000 nan
489 440.000000 nan
490 440.000000 nan
491 440.000000 nan
492 440.000000 nan
493 440.000000 nan
494 440.000000 nan
495 440.000000 nan
496 440.000000 nan
497 440.000000 nan
498 440.000000 nan
499 440.000000 nan
